1 0.37734375 0.49375 0.1765625 0.7125
1 0.2125 0.5010416666666667 0.2 0.68125
1 0.1 0.5760416666666667 0.134375 0.5020833333333333
1 0.315625 0.17708333333333334 0.128125 0.2833333333333333
1 0.47734375 0.240625 0.1515625 0.39791666666666664
1 0.5421875 0.5072916666666667 0.253125 0.59375
1 0.63515625 0.178125 0.1546875 0.24791666666666667
1 0.7375 0.21770833333333334 0.1375 0.21041666666666667
1 0.703125 0.5760416666666667 0.28125 0.6270833333333333
1 0.84609375 0.46145833333333336 0.1390625 0.32708333333333334
1 0.85390625 0.7260416666666667 0.2078125 0.36041666666666666