4 0.2328125 0.6229166666666667 0.078125 0.04583333333333333
4 0.325 0.4322916666666667 0.140625 0.16875
4 0.45625 0.38645833333333335 0.1125 0.09791666666666667
4 0.5890625 0.46875 0.06875 0.10416666666666667
4 0.56796875 0.5708333333333333 0.1640625 0.15416666666666667
4 0.69453125 0.46458333333333335 0.2546875 0.3875
4 0.934375 0.43333333333333335 0.128125 0.22916666666666666
4 0.8796875 0.6052083333333333 0.103125 0.10208333333333333
4 0.27734375 0.315625 0.1109375 0.07708333333333334
4 0.14375 0.4 0.184375 0.125
4 0.08359375 0.5458333333333333 0.1203125 0.13333333333333333