5 0.5859375 0.48854166666666665 0.175 0.5979166666666667
5 0.5703125 0.7927083333333333 0.16875 0.27291666666666664
5 0.40234375 0.5 0.2109375 0.5666666666666667
5 0.278125 0.43020833333333336 0.309375 0.51875
5 0.15390625 0.275 0.3078125 0.4625
5 0.10546875 0.61875 0.1390625 0.18333333333333332
5 0.2578125 0.7447916666666666 0.13125 0.20625
5 0.41875 0.7645833333333333 0.15 0.25833333333333336
5 0.703125 0.66875 0.140625 0.49166666666666664
5 0.73828125 0.421875 0.2703125 0.5520833333333334
5 0.80234375 0.32395833333333335 0.2953125 0.4479166666666667