4 0.3453125 0.43020833333333336 0.103125 0.13125
4 0.459375 0.39479166666666665 0.109375 0.11458333333333333
4 0.3125 0.321875 0.10625 0.13125
4 0.68671875 0.41354166666666664 0.3140625 0.26458333333333334
4 0.5578125 0.5729166666666666 0.121875 0.11666666666666667
4 0.71640625 0.590625 0.0765625 0.08541666666666667
4 0.81484375 0.58125 0.0640625 0.1
4 0.89140625 0.44895833333333335 0.1765625 0.23125
4 0.26640625 0.621875 0.0828125 0.10625
4 0.1640625 0.5729166666666666 0.06875 0.07916666666666666
4 0.12265625 0.5020833333333333 0.1171875 0.11666666666666667
4 0.1828125 0.39479166666666665 0.15625 0.11458333333333333