4 0.278125 0.39375 0.23125 0.29583333333333334
4 0.1015625 0.4791666666666667 0.140625 0.225
4 0.43359375 0.47291666666666665 0.1328125 0.11666666666666667
4 0.4375 0.5666666666666667 0.090625 0.13333333333333333
4 0.28203125 0.6020833333333333 0.0703125 0.06666666666666667
4 0.52734375 0.38645833333333335 0.0859375 0.09791666666666667
4 0.65390625 0.446875 0.1046875 0.11041666666666666
4 0.834375 0.44895833333333335 0.165625 0.16458333333333333
4 0.675 0.33645833333333336 0.1125 0.09791666666666667
4 0.74296875 0.5947916666666667 0.0953125 0.07291666666666667
4 0.83671875 0.5697916666666667 0.0953125 0.09375