1 0.34791666666666665 0.57265625 0.20416666666666666 0.3640625
1 0.509375 0.55859375 0.26458333333333334 0.3578125
1 0.5041666666666667 0.74921875 0.14583333333333334 0.1734375
1 0.6729166666666667 0.6609375 0.17083333333333334 0.18125
1 0.6447916666666667 0.49453125 0.3645833333333333 0.2734375
1 0.8364583333333333 0.59375 0.11875 0.146875
1 0.7010416666666667 0.428125 0.40208333333333335 0.2125
5 0.1875 0.5703125 0.23333333333333334 0.378125
5 0.2916666666666667 0.74140625 0.15833333333333333 0.1703125
5 0.7322916666666667 0.3640625 0.45208333333333334 0.1875
5 0.6864583333333333 0.26171875 0.42291666666666666 0.1078125