3 0.5109375 0.42083333333333334 0.903125 0.475
4 0.33125 0.525 0.221875 0.22916666666666666
4 0.38515625 0.35520833333333335 0.0640625 0.10208333333333333
4 0.4859375 0.3645833333333333 0.10625 0.0875
4 0.546875 0.3125 0.0875 0.07083333333333333
4 0.51640625 0.46875 0.0859375 0.09166666666666666
4 0.7328125 0.365625 0.165625 0.08125
4 0.7171875 0.465625 0.075 0.035416666666666666
4 0.80390625 0.509375 0.0984375 0.09791666666666667
4 0.871875 0.36770833333333336 0.040625 0.11458333333333333
4 0.78359375 0.25729166666666664 0.0796875 0.08958333333333333