3 0.50390625 0.5854166666666667 0.9140625 0.44166666666666665
4 0.265625 0.6052083333333333 0.153125 0.08125
4 0.11953125 0.6145833333333334 0.0828125 0.11666666666666667
4 0.17890625 0.4895833333333333 0.1015625 0.075
4 0.271875 0.5520833333333334 0.084375 0.08333333333333333
4 0.21171875 0.7385416666666667 0.0859375 0.08125
4 0.4359375 0.665625 0.0625 0.06041666666666667
4 0.490625 0.6291666666666667 0.0875 0.0875
4 0.47734375 0.5270833333333333 0.0671875 0.10833333333333334
4 0.63828125 0.46979166666666666 0.2078125 0.2604166666666667
4 0.6109375 0.6427083333333333 0.075 0.08541666666666667