5 0.41796875 0.6 0.3046875 0.65
5 0.28984375 0.209375 0.0984375 0.22708333333333333
5 0.40703125 0.3572916666666667 0.2109375 0.41041666666666665
5 0.45859375 0.23020833333333332 0.1484375 0.30625
5 0.59609375 0.36354166666666665 0.1703125 0.6145833333333334
5 0.73046875 0.24583333333333332 0.1328125 0.35
5 0.7609375 0.4552083333333333 0.35625 0.46875
5 0.82890625 0.5541666666666667 0.3140625 0.425
5 0.253125 0.6208333333333333 0.25625 0.49166666666666664
5 0.16796875 0.25833333333333336 0.1640625 0.20833333333333334
5 0.1234375 0.5395833333333333 0.16875 0.3