4 0.6640625 0.165625 0.390625 0.19791666666666666
4 0.66328125 0.33541666666666664 0.1328125 0.1625
4 0.540625 0.42291666666666666 0.090625 0.10833333333333334
4 0.59921875 0.521875 0.0828125 0.12291666666666666
4 0.73359375 0.40520833333333334 0.0609375 0.09375
4 0.375 0.596875 0.11875 0.10625
4 0.440625 0.4270833333333333 0.071875 0.14166666666666666
4 0.196875 0.6760416666666667 0.140625 0.20625
4 0.35390625 0.7583333333333333 0.0609375 0.09583333333333334
4 0.265625 0.515625 0.05625 0.09791666666666667
4 0.25546875 0.8239583333333333 0.0546875 0.06875