4 0.29765625 0.22604166666666667 0.1484375 0.13125
4 0.3984375 0.365625 0.09375 0.09791666666666667
4 0.43125 0.24791666666666667 0.084375 0.075
4 0.5171875 0.4041666666666667 0.075 0.07083333333333333
4 0.56796875 0.5302083333333333 0.0703125 0.06041666666666667
4 0.6984375 0.475 0.146875 0.1875
4 0.64375 0.5895833333333333 0.140625 0.12916666666666668
4 0.52265625 0.609375 0.1265625 0.13958333333333334
4 0.6171875 0.7072916666666667 0.084375 0.07291666666666667
4 0.31640625 0.453125 0.0734375 0.05625
4 0.23984375 0.3729166666666667 0.0671875 0.11666666666666667