1 0.7572916666666667 0.75078125 0.47291666666666665 0.1546875
1 0.796875 0.66015625 0.3104166666666667 0.1484375
1 0.7260416666666667 0.590625 0.3770833333333333 0.209375
1 0.2677083333333333 0.546875 0.2604166666666667 0.265625
1 0.296875 0.50078125 0.17291666666666666 0.2359375
1 0.490625 0.478125 0.14375 0.265625
1 0.5875 0.5 0.2 0.25625
1 0.6822916666666666 0.52578125 0.28541666666666665 0.2046875
5 0.16666666666666666 0.66328125 0.3333333333333333 0.2015625
5 0.134375 0.575 0.16458333333333333 0.146875
5 0.384375 0.47109375 0.12708333333333333 0.2546875