1 0.5921875 0.51875 0.2125 0.6958333333333333
1 0.40703125 0.5135416666666667 0.2296875 0.6645833333333333
1 0.26640625 0.5291666666666667 0.2578125 0.5416666666666666
1 0.128125 0.3854166666666667 0.140625 0.26666666666666666
1 0.14296875 0.7260416666666667 0.2640625 0.44375
1 0.2609375 0.20520833333333333 0.134375 0.27708333333333335
1 0.35546875 0.14583333333333334 0.1515625 0.26666666666666666
1 0.50625 0.2520833333333333 0.13125 0.425
1 0.69140625 0.20520833333333333 0.1203125 0.28958333333333336
1 0.73515625 0.5635416666666667 0.2484375 0.69375
1 0.85546875 0.640625 0.1359375 0.5354166666666667