1 0.45 0.5322916666666667 0.265625 0.61875
1 0.296875 0.55625 0.25 0.5333333333333333
1 0.16015625 0.49270833333333336 0.1390625 0.3645833333333333
1 0.221875 0.74375 0.36875 0.36666666666666664
1 0.24921875 0.21979166666666666 0.1234375 0.21041666666666667
1 0.3671875 0.1625 0.13125 0.25833333333333336
1 0.61875 0.475 0.20625 0.6583333333333333
1 0.7640625 0.521875 0.2 0.7020833333333333
1 0.85078125 0.60625 0.1953125 0.5875
1 0.66328125 0.13958333333333334 0.1140625 0.19583333333333333
1 0.51328125 0.20833333333333334 0.1265625 0.3416666666666667