1 0.48020833333333335 0.47421875 0.15625 0.2953125
1 0.58125 0.63984375 0.16666666666666666 0.2203125
1 0.6302083333333334 0.475 0.22708333333333333 0.30625
1 0.7614583333333333 0.44921875 0.23958333333333334 0.2359375
1 0.8854166666666666 0.49140625 0.14583333333333334 0.1671875
1 0.3385416666666667 0.446875 0.25625 0.275
1 0.19895833333333332 0.425 0.28541666666666665 0.253125
1 0.36770833333333336 0.6234375 0.19375 0.2375
1 0.7427083333333333 0.64140625 0.17291666666666666 0.1921875
1 0.859375 0.5953125 0.13125 0.1375
5 0.18854166666666666 0.6125 0.17708333333333334 0.2