1 0.5302083333333333 0.50859375 0.45625 0.2234375
1 0.7291666666666666 0.53515625 0.22916666666666666 0.1421875
1 0.415625 0.59296875 0.3729166666666667 0.2984375
5 0.29791666666666666 0.640625 0.325 0.346875
5 0.21354166666666666 0.678125 0.24791666666666667 0.31875
5 0.4895833333333333 0.75078125 0.1875 0.1640625
5 0.6333333333333333 0.671875 0.24166666666666667 0.165625
5 0.578125 0.4140625 0.5020833333333333 0.1625
5 0.5677083333333334 0.30390625 0.4479166666666667 0.1140625
5 0.42604166666666665 0.2234375 0.32708333333333334 0.20625
5 0.5885416666666666 0.246875 0.4354166666666667 0.109375